===================================================
[[410 400   0]
 [400 400   1]
 [390 400   0]
 [380 400   1]
 [370 400   0]
 [360 400   1]
 [350 400   0]
 [340 400   1]
 [330 400   0]]
LENGTH:  4
===================================================
===================================================
[[420 400   1]
 [410 400   0]
 [400 400   1]
 [390 400   0]
 [380 400   1]
 [370 400   0]
 [360 400   1]
 [350 400   0]
 [340 400   1]]
LENGTH:  5
===================================================
===================================================
[[430 400   0]
 [420 400   1]
 [410 400   0]
 [400 400   1]
 [390 400   0]
 [380 400   1]
 [370 400   0]
 [360 400   1]
 [350 400   0]]
LENGTH:  4
===================================================
===================================================
[[440 400   1]
 [430 400   0]
 [420 400   1]
 [410 400   0]
 [400 400   1]
 [390 400   0]
 [380 400   1]
 [370 400   0]
 [360 400   1]]
LENGTH:  5
===================================================
===================================================
[[450 400   0]
 [440 400   1]
 [430 400   0]
 [420 400   1]
 [410 400   0]
 [400 400   1]
 [390 400   0]
 [380 400   1]
 [370 400   0]]
LENGTH:  4
===================================================
===================================================
[[460 400   1]
 [450 400   0]
 [440 400   1]
 [430 400   0]
 [420 400   1]
 [410 400   0]
 [400 400   1]
 [390 400   0]
 [380 400   1]]
LENGTH:  5
===================================================
===================================================
[[470 400   0]
 [460 400   1]
 [450 400   0]
 [440 400   1]
 [430 400   0]
 [420 400   1]
 [410 400   0]
 [400 400   1]
 [390 400   0]]
LENGTH:  4
===================================================
===================================================
[[480 400   1]
 [470 400   0]
 [460 400   1]
 [450 400   0]
 [440 400   1]
 [430 400   0]
 [420 400   1]
 [410 400   0]
 [400 400   1]]
LENGTH:  5
===================================================
===================================================
[[490 400   0]
 [480 400   1]
 [470 400   0]
 [460 400   1]
 [450 400   0]
 [440 400   1]
 [430 400   0]
 [420 400   1]
 [410 400   0]]
LENGTH:  4
===================================================
===================================================
[[500 400   1]
 [490 400   0]
 [480 400   1]
 [470 400   0]
 [460 400   1]
 [450 400   0]
 [440 400   1]
 [430 400   0]
 [420 400   1]]
LENGTH:  5
===================================================
===================================================
[[510 400   0]
 [500 400   1]
 [490 400   0]
 [480 400   1]
 [470 400   0]
 [460 400   1]
 [450 400   0]
 [440 400   1]
 [430 400   0]]
LENGTH:  4
===================================================
===================================================
[[520 400   1]
 [510 400   0]
 [500 400   1]
 [490 400   0]
 [480 400   1]
 [470 400   0]
 [460 400   1]
 [450 400   0]
 [440 400   1]]
LENGTH:  5
===================================================
===================================================
[[530 400   0]
 [520 400   1]
 [510 400   0]
 [500 400   1]
 [490 400   0]
 [480 400   1]
 [470 400   0]
 [460 400   1]
 [450 400   0]]
LENGTH:  4
===================================================
===================================================
[[540 400   1]
 [530 400   0]
 [520 400   1]
 [510 400   0]
 [500 400   1]
 [490 400   0]
 [480 400   1]
 [470 400   0]
 [460 400   1]]
LENGTH:  5
===================================================
===================================================
[[550 400   0]
 [540 400   1]
 [530 400   0]
 [520 400   1]
 [510 400   0]
 [500 400   1]
 [490 400   0]
 [480 400   1]
 [470 400   0]]
LENGTH:  4
===================================================
===================================================
[[560 400   1]
 [550 400   0]
 [540 400   1]
 [530 400   0]
 [520 400   1]
 [510 400   0]
 [500 400   1]
 [490 400   0]
 [480 400   1]]
LENGTH:  5
===================================================
===================================================
[[570 400   0]
 [560 400   1]
 [550 400   0]
 [540 400   1]
 [530 400   0]
 [520 400   1]
 [510 400   0]
 [500 400   1]
 [490 400   0]]
LENGTH:  4
===================================================
===================================================
[[580 400   1]
 [570 400   0]
 [560 400   1]
 [550 400   0]
 [540 400   1]
 [530 400   0]
 [520 400   1]
 [510 400   0]
 [500 400   1]]
LENGTH:  5
===================================================
===================================================
[[590 400   0]
 [580 400   1]
 [570 400   0]
 [560 400   1]
 [550 400   0]
 [540 400   1]
 [530 400   0]
 [520 400   1]
 [510 400   0]]
LENGTH:  4
===================================================
===================================================
[[600 400   1]
 [590 400   0]
 [580 400   1]
 [570 400   0]
 [560 400   1]
 [550 400   0]
 [540 400   1]
 [530 400   0]
 [520 400   1]]
LENGTH:  5
===================================================
===================================================
[[610 400   0]
 [600 400   1]
 [590 400   0]
 [580 400   1]
 [570 400   0]
 [560 400   1]
 [550 400   0]
 [540 400   1]
 [530 400   0]]
LENGTH:  4
===================================================
===================================================
[[620 400   1]
 [610 400   0]
 [600 400   1]
 [590 400   0]
 [580 400   1]
 [570 400   0]
 [560 400   1]
 [550 400   0]
 [540 400   1]]
LENGTH:  5
===================================================
===================================================
[[630 400   0]
 [620 400   1]
 [610 400   0]
 [600 400   1]
 [590 400   0]
 [580 400   1]
 [570 400   0]
 [560 400   1]
 [550 400   0]]
LENGTH:  4
===================================================
===================================================
[[640 400   1]
 [630 400   0]
 [620 400   1]
 [610 400   0]
 [600 400   1]
 [590 400   0]
 [580 400   1]
 [570 400   0]
 [560 400   1]]
LENGTH:  5
===================================================
===================================================
[[650 400   0]
 [640 400   1]
 [630 400   0]
 [620 400   1]
 [610 400   0]
 [600 400   1]
 [590 400   0]
 [580 400   1]
 [570 400   0]]
LENGTH:  4
===================================================
===================================================
[[660 400   1]
 [650 400   0]
 [640 400   1]
 [630 400   0]
 [620 400   1]
 [610 400   0]
 [600 400   1]
 [590 400   0]
 [580 400   1]]
LENGTH:  5
===================================================
===================================================
[[670 400   0]
 [660 400   1]
 [650 400   0]
 [640 400   1]
 [630 400   0]
 [620 400   1]
 [610 400   0]
 [600 400   1]
 [590 400   0]]
LENGTH:  4
===================================================
===================================================
[[680 400   1]
 [670 400   0]
 [660 400   1]
 [650 400   0]
 [640 400   1]
 [630 400   0]
 [620 400   1]
 [610 400   0]
 [600 400   1]]
LENGTH:  5
===================================================
===================================================
[[690 400   0]
 [680 400   1]
 [670 400   0]
 [660 400   1]
 [650 400   0]
 [640 400   1]
 [630 400   0]
 [620 400   1]
 [610 400   0]]
LENGTH:  4
===================================================
===================================================
[[700 400   1]
 [690 400   0]
 [680 400   1]
 [670 400   0]
 [660 400   1]
 [650 400   0]
 [640 400   1]
 [630 400   0]
 [620 400   1]]
LENGTH:  5
===================================================
===================================================
[[710 400   0]
 [700 400   1]
 [690 400   0]
 [680 400   1]
 [670 400   0]
 [660 400   1]
 [650 400   0]
 [640 400   1]
 [630 400   0]]
LENGTH:  4
===================================================
===================================================
[[720 400   1]
 [710 400   0]
 [700 400   1]
 [690 400   0]
 [680 400   1]
 [670 400   0]
 [660 400   1]
 [650 400   0]
 [640 400   1]]
LENGTH:  5
===================================================
===================================================
[[730 400   0]
 [720 400   1]
 [710 400   0]
 [700 400   1]
 [690 400   0]
 [680 400   1]
 [670 400   0]
 [660 400   1]
 [650 400   0]]
LENGTH:  4
===================================================
===================================================
[[740 400   1]
 [730 400   0]
 [720 400   1]
 [710 400   0]
 [700 400   1]
 [690 400   0]
 [680 400   1]
 [670 400   0]
 [660 400   1]]
LENGTH:  5
===================================================
===================================================
[[750 400   0]
 [740 400   1]
 [730 400   0]
 [720 400   1]
 [710 400   0]
 [700 400   1]
 [690 400   0]
 [680 400   1]
 [670 400   0]]
LENGTH:  4
===================================================
===================================================
[[760 400   1]
 [750 400   0]
 [740 400   1]
 [730 400   0]
 [720 400   1]
 [710 400   0]
 [700 400   1]
 [690 400   0]
 [680 400   1]]
LENGTH:  5
===================================================
===================================================
[[770 400   0]
 [760 400   1]
 [750 400   0]
 [740 400   1]
 [730 400   0]
 [720 400   1]
 [710 400   0]
 [700 400   1]
 [690 400   0]]
LENGTH:  4
===================================================
===================================================
[[780 400   1]
 [770 400   0]
 [760 400   1]
 [750 400   0]
 [740 400   1]
 [730 400   0]
 [720 400   1]
 [710 400   0]
 [700 400   1]]
LENGTH:  5
===================================================
===================================================
[[790 400   0]
 [780 400   1]
 [770 400   0]
 [760 400   1]
 [750 400   0]
 [740 400   1]
 [730 400   0]
 [720 400   1]
 [710 400   0]]
LENGTH:  4
===================================================
===================================================
[[800 400   1]
 [790 400   0]
 [780 400   1]
 [770 400   0]
 [760 400   1]
 [750 400   0]
 [740 400   1]
 [730 400   0]
 [720 400   1]]
LENGTH:  5
===================================================
HIT WALL IN X-DIRECTION
===================================================
[[810 400   0]
 [800 400   1]
 [790 400   0]
 [780 400   1]
 [770 400   0]
 [760 400   1]
 [750 400   0]
 [740 400   1]
 [730 400   0]]
LENGTH:  4
===================================================
HIT WALL IN X-DIRECTION
===================================================
[[820 400   1]
 [810 400   0]
 [800 400   1]
 [790 400   0]
 [780 400   1]
 [770 400   0]
 [760 400   1]
 [750 400   0]
 [740 400   1]]
LENGTH:  5
===================================================
HIT WALL IN X-DIRECTION
